FO: 59782.3
TIME GET OPTMIMAL SOLUTION (seg): 127.155835
TOTAL TIME (seg): 300.00
HUBS: [ 137, 14, 143, 129, 100, 13, 48, 6, 97, 28, ]

ALLOCATIONS
1 13
2 13
3 13
4 13
5 13
6 6
7 13
8 13
9 13
10 13
11 14
12 13
13 13
14 14
15 13
16 14
17 13
18 14
19 13
20 48
21 48
22 28
23 28
24 28
25 13
26 28
27 13
28 28
29 13
30 48
31 48
32 100
33 48
34 48
35 28
36 28
37 48
38 100
39 100
40 48
41 48
42 48
43 48
44 48
45 48
46 48
47 28
48 48
49 48
50 48
51 48
52 97
53 100
54 48
55 97
56 48
57 48
58 48
59 48
60 48
61 97
62 97
63 100
64 100
65 48
66 48
67 97
68 97
69 28
70 100
71 100
72 100
73 48
74 97
75 97
76 97
77 100
78 100
79 129
80 48
81 48
82 97
83 97
84 97
85 143
86 143
87 100
88 100
89 129
90 129
91 48
92 97
93 97
94 97
95 97
96 97
97 97
98 97
99 97
100 100
101 129
102 129
103 97
104 97
105 97
106 97
107 97
108 137
109 100
110 100
111 129
112 97
113 97
114 97
115 137
116 137
117 137
118 100
119 129
120 129
121 129
122 129
123 97
124 97
125 137
126 137
127 137
128 129
129 129
130 129
131 129
132 129
133 129
134 97
135 137
136 137
137 137
138 137
139 129
140 129
141 137
142 137
143 143
144 143
145 129
146 129
147 129
148 129
149 129
150 129
151 137
152 137
153 137
154 129
155 129
156 129
157 129
158 129
159 129
160 129
161 129
162 137
163 137
164 137
165 137
166 137
167 137
168 129
169 129
170 129
171 129
172 137
173 143
174 129
175 129
176 129
177 129
178 129
179 137
180 137
181 143
182 143
183 143
184 129
185 129
186 129
187 129
188 137
189 137
190 137
191 143
192 143
193 143
194 143
195 129
196 129
197 129
198 129
199 129
200 143
