FO: 53540.8
TIME GET OPTMIMAL SOLUTION (seg): 268.414266
TOTAL TIME (seg): 300.00
HUBS: [ 91, 83, 5, 18, 54, 20, 21, 13, 88, 84, ]

ALLOCATIONS
1 5
2 5
3 21
4 5
5 5
6 5
7 5
8 5
9 5
10 5
11 13
12 13
13 13
14 13
15 13
16 13
17 18
18 18
19 18
20 20
21 21
22 21
23 21
24 21
25 21
26 21
27 13
28 13
29 13
30 54
31 54
32 54
33 13
34 54
35 54
36 54
37 54
38 54
39 54
40 54
41 21
42 21
43 21
44 21
45 21
46 54
47 54
48 54
49 54
50 54
51 54
52 54
53 54
54 54
55 54
56 54
57 54
58 54
59 54
60 54
61 84
62 88
63 88
64 88
65 88
66 88
67 88
68 91
69 91
70 91
71 91
72 91
73 91
74 91
75 91
76 91
77 54
78 54
79 54
80 54
81 83
82 83
83 83
84 84
85 88
86 88
87 88
88 88
89 91
90 91
91 91
92 91
93 91
94 91
95 91
96 91
97 91
98 91
99 91
100 91
